3.334472435056719530e-01
2.657877995060308196e-01
2.501246331948736579e-01
2.524795630179170747e-01
2.711903403488709619e-01
3.511297150532252109e-01
5.467461401892034223e-01
7.070637373333150677e-01
6.839211179583500888e-01
5.761457336179086619e-01
5.307527701430844180e-01
4.959020003687658051e-01
4.594659392407893783e-01
4.304369021383894212e-01
4.123398779214297316e-01
4.378714647873290233e-01
5.479333464082436489e-01
7.682412995727077032e-01
9.310623113277645135e-01
9.386538072667597321e-01
8.659240030954016287e-01
7.779903274167343508e-01
6.275134164434612583e-01
4.724661364352831794e-01
3.160138161286796255e-01
2.523251009254986466e-01
2.279886226427816909e-01
2.250805621394653677e-01
2.399848061400633170e-01
3.185600678505400296e-01
5.131895033822897467e-01
6.596719656555877220e-01
6.363137847126246749e-01
5.349655762295153494e-01
5.054501623336703497e-01
4.745904143794848484e-01
4.463087646477632009e-01
4.224425958186092123e-01
4.103962105801770011e-01
4.414417848371787190e-01
5.593102179232313231e-01
7.757613608931825944e-01
9.428670266853238502e-01
9.439104354752458903e-01
8.683332470588966956e-01
7.840134097905198107e-01
6.346564296498001800e-01
4.861770773436259740e-01
3.335882742368921350e-01
2.665626377622786758e-01
2.398346381049848153e-01
2.337499397196461659e-01
2.417428838721809858e-01
3.157811736367515110e-01
5.016123984612830267e-01
6.550347769256149588e-01
6.219496581543187963e-01
5.265516873978478563e-01
4.951082413483325895e-01
4.637351427240166690e-01
4.348978304839060671e-01
4.120864108649356372e-01
3.981691407781386971e-01
4.252514564046680490e-01
5.309643260884550076e-01
7.458930671031939186e-01
8.980450086285898248e-01
8.995254971953806633e-01
8.262702763824187890e-01
7.462447805545669999e-01
6.048549018451707671e-01
4.595481173184032819e-01
3.207281379435719670e-01
2.648148604249886962e-01
2.440290509027347177e-01
2.441466187451399594e-01
2.627385004466850638e-01
3.433099320574553581e-01
5.355230872674420217e-01
6.808037771013275563e-01
6.600534117857095318e-01
5.593587474440669949e-01
5.248770100175229603e-01
4.961717767187626693e-01
4.685128442236063950e-01
4.433880237732169549e-01
4.397819418573837291e-01
4.682294873470846941e-01
5.742112940008308186e-01
7.996378496426745919e-01
9.505589447583079332e-01
9.589710795837546042e-01
8.850162582513624310e-01
8.030598171576638356e-01
6.635034098332748265e-01
5.184077978852748014e-01
3.711919505651154472e-01
3.077116012788030930e-01
2.868723855059613914e-01
2.838917195869235521e-01
2.972114786103429163e-01
3.774426571062198255e-01
5.636377863447897818e-01
7.199869225157892183e-01
6.847214400609776819e-01
5.844463504487376060e-01
5.492306813723294434e-01
5.224986832548188520e-01
4.957867700875753791e-01
4.681883414544038002e-01
4.495646997334133421e-01
4.716903741680151252e-01
5.731130079001124367e-01
7.913673403637009329e-01
9.513781950649810026e-01
9.575992670984517785e-01
8.874396574190366316e-01
8.063309164630343417e-01
6.624152669459176801e-01
5.156840980934298546e-01
3.701302217024106112e-01
3.080216526817584621e-01
2.884697440135356450e-01
2.888395464022660009e-01
3.059859153483162619e-01
3.843486570910005784e-01
5.811281555370240159e-01
7.299217262606726431e-01
6.935310799463981768e-01
5.879967553796093815e-01
5.580365627039043375e-01
5.305450921886175619e-01
4.985952621738700685e-01
4.762974987075320743e-01
4.643239716203138023e-01
4.910945932423556037e-01
6.032692604059173291e-01
8.147792000864297890e-01
9.712676658497432225e-01
9.769113628933792093e-01
9.005547501551243172e-01
8.164663637516701433e-01
6.705469071207476039e-01
5.263420154887978875e-01
3.831384705307064875e-01
3.179078018656679716e-01
2.946483542780534703e-01
2.948131777559210853e-01
3.150834357202504377e-01
3.960835067259512732e-01
6.056109061141309313e-01
7.627085615037458854e-01
7.316863725554410003e-01
6.265689423153183446e-01
5.911194920748796822e-01
5.582442493347729018e-01
5.231194290367098265e-01
4.900656524037978468e-01
4.677085599061209797e-01
4.918772721320023300e-01
6.007338785615176091e-01
8.234508191766065632e-01
9.867366309824634474e-01
9.960595356318480142e-01
9.284208509460073477e-01
8.475973596565328227e-01
6.956125154264890531e-01
5.461385579616342412e-01
3.952625240679958907e-01
3.288340104934049934e-01
3.041377387839744317e-01
3.028976701706809216e-01
3.189464734046627559e-01
3.954497900970512791e-01
5.983746592267135123e-01
7.471096222891782102e-01
7.233651221748422788e-01
6.156580819768547874e-01
5.812844159010263079e-01
5.355919931759928199e-01
4.977349804937447608e-01
4.713167036987485070e-01
4.522024234867570991e-01
4.706840315277693310e-01
5.816834841842762893e-01
8.024954046836374477e-01
9.647435951068173976e-01
9.724819438512426473e-01
8.989310213990538978e-01
8.125521870670870950e-01
6.634905055199435964e-01
5.090568769724912457e-01
3.505950717333548572e-01
2.891204213204029982e-01
2.704345645825329547e-01
2.691509741670908840e-01
2.832049629062015628e-01
3.616483524750956358e-01
5.461345132282195980e-01
6.915898011118827293e-01
6.629006890466487834e-01
5.564727155974363848e-01
5.164150605462176635e-01
4.806492567489841772e-01
4.503493953248602355e-01
4.262488005343724740e-01
4.125937962152156913e-01
4.365511954761922553e-01
5.456172239431471560e-01
7.619107823957219638e-01
9.205940780704848780e-01
9.255978152268372616e-01
8.537151643377119958e-01
7.704491452176338573e-01
6.262234785368894219e-01
4.822516077168347848e-01
3.332870101817786979e-01
2.712358895386018376e-01
2.500889825246548903e-01
2.495163216047101007e-01
2.633415899855357512e-01
3.398690556490821524e-01
5.258209078115608781e-01
6.791317739023881028e-01
6.427790909158527244e-01
5.422889144079495738e-01
5.015994485144067427e-01
4.718583925891232100e-01
4.452716314363362460e-01
4.210376243466161794e-01
4.092754550566717331e-01
4.378532894079709137e-01
5.479072540055400786e-01
7.602858418982327837e-01
9.190621049519143160e-01
9.225368217974412310e-01
8.446548277002756677e-01
7.615185194074458597e-01
6.150157379777094757e-01
4.692398381216836278e-01
3.212983316627433528e-01
2.573163572163378321e-01
2.346801814630495309e-01
2.332208106101102685e-01
2.459143255161825026e-01
3.216756270543276730e-01
5.101086004344197455e-01
6.645733670187259357e-01
6.303356429954316553e-01
5.252404109323451920e-01
4.881667492053701207e-01
4.572897374015027494e-01
4.268253713315125486e-01
4.021776566096025296e-01
3.901082624554959022e-01
4.177619768936270406e-01
5.262999822176479547e-01
7.345089714610641973e-01
8.960858435439530423e-01
8.970877543565225487e-01
8.220194009528213330e-01
7.381145168053400152e-01
5.926551060079062738e-01
4.469478425690242562e-01
2.982532269384320367e-01
2.360874476029405644e-01
2.149328041610339690e-01
2.133912075976022171e-01
2.280292852032128059e-01
3.050906173184173009e-01
4.935490994534783016e-01
6.428686645181839188e-01
6.103413720308445978e-01
5.045127948715019128e-01
4.642931840091046869e-01
4.431593005623844506e-01
4.184824535903632903e-01
4.000890939936180835e-01
3.902556921308658056e-01
4.178921296944080876e-01
5.264330807830378545e-01
7.346752653314078119e-01
8.962906404513178993e-01
8.972874689508157919e-01
8.201182960788191423e-01
7.339391375008520457e-01
5.857072459270800113e-01
4.371518535024119245e-01
2.860926457602725459e-01
2.238829209434781975e-01
2.041013377340723245e-01
2.061038806214421371e-01
2.205829428061631681e-01
2.984593689044559572e-01
4.877233503701047801e-01
6.390594115825944943e-01
6.117150223985450275e-01
5.091318783572224005e-01
4.675612552889223394e-01
4.433298119574038965e-01
4.186389024265226855e-01
4.002426920496125473e-01
3.903935229855589051e-01
4.180484259258512858e-01
5.266235498804437976e-01
7.349068097793604037e-01
8.965466123319157932e-01
8.992010882256027404e-01
8.263870256418738292e-01
7.464265320502413426e-01
6.073925115592222479e-01
4.671424656734052272e-01
3.271701746994946092e-01
2.648101968564965381e-01
2.392891539076506258e-01
2.419128908993135874e-01
2.570159203432924033e-01
3.389055914150957971e-01
5.427041752937973307e-01
6.947723780609422750e-01
6.689273046531765132e-01
5.642686805876162559e-01
5.224127288017007542e-01
4.869616710826696337e-01
4.578954304791356678e-01
4.369146580223191578e-01
4.307036932523323758e-01
4.581719931741031759e-01
5.730668847334343674e-01
7.899999511146849063e-01
9.530018077561455137e-01
9.608308836727573743e-01
8.874190757525003415e-01
8.011988245948373777e-01
6.495711767275669235e-01
4.954748399731575548e-01
3.381240558448877498e-01
2.755020884905706735e-01
2.530407203092805424e-01
2.547371601950926268e-01
2.702387876757754714e-01
3.539932944022349814e-01
5.545925735926255928e-01
7.125216810404061407e-01
6.887711206604180125e-01
5.875315616061684842e-01
5.455687868950299668e-01
5.109036936577053822e-01
4.825515388313990073e-01
4.545738374783950819e-01
4.376638798929379237e-01
4.636369030760189025e-01
5.772367259329630462e-01
7.956468160522093269e-01
9.583687386498921379e-01
9.678682847833427472e-01
8.976992757013789737e-01
8.104919428634927980e-01
6.627431426508260115e-01
5.081549133716908306e-01
3.462274361833434511e-01
2.838009230730790255e-01
2.617427550187022556e-01
2.600875666785370521e-01
2.746199215815323114e-01
3.527415815349003170e-01
5.410989240274346468e-01
6.948166880760588970e-01
6.615221774750090766e-01
5.552201954409000662e-01
5.160514290421090999e-01
4.806116472370751125e-01
4.476336929238499684e-01
4.255768421909537080e-01
4.122020434627324814e-01
4.438122744107681483e-01
5.547189172289352932e-01
7.747167388393495502e-01
9.367160363184559024e-01
9.406445792411108897e-01
8.700634501461730341e-01
7.923884604746068705e-01
6.438690165847891222e-01
5.022158271268776231e-01
3.529154988117363945e-01
2.911607162094860812e-01
2.696850022713446760e-01
2.735617735403966799e-01
2.864801697664629554e-01
3.622285722813573527e-01
5.536555027485001723e-01
6.970124784430222764e-01
6.697420069513417840e-01
5.767175680683426231e-01
5.296000324033596218e-01
4.995645267318111205e-01
4.624451744010924514e-01
4.447605766121675019e-01
4.264454257113881597e-01
4.498923112743490327e-01
5.598185032131844929e-01
7.767566666790290952e-01
9.366440250618471852e-01
9.417575377399249881e-01
8.701666644430926523e-01
7.874237231204914700e-01
6.416828124566896774e-01
4.964675282730607320e-01
3.510976599428660139e-01
2.907401087950712837e-01
2.730369951115110272e-01
2.768817673396465895e-01
2.947225309048537301e-01
3.767967370178538222e-01
5.745496028881548201e-01
7.224097942133688166e-01
6.963097486020797255e-01
5.871027765723738634e-01
5.477633333086602274e-01
5.105252226291467910e-01
4.810483584987230721e-01
4.550390233070549240e-01
4.417516815255684848e-01
4.673907186607215714e-01
5.739257860439036518e-01
7.941355370997185137e-01
9.543326454011419324e-01
9.564305160804531525e-01
8.806881420649671499e-01
7.983142664355512563e-01
6.538739135373323741e-01
5.090055815961518348e-01
3.611862225250929148e-01
2.986569212765869952e-01
2.772298268898295004e-01
2.770609973539684967e-01
2.899980753155360080e-01
3.670532656362799906e-01
5.556822333252127155e-01
7.119861779813523306e-01
6.780351764849934515e-01
5.786759912381976845e-01
5.548453463927202067e-01
5.233626416889728405e-01
4.904673675511637687e-01
4.712209469391179240e-01
4.555527136114264630e-01
4.805228066515768726e-01
5.947716811673596782e-01
8.043117249245967937e-01
9.624416285234219659e-01
9.625731393382135348e-01
8.837222380591469584e-01
7.979331948462156099e-01
6.522568982011793803e-01
5.032184597836097950e-01
3.497004998549056998e-01
2.824315619443272807e-01
2.587046766514571328e-01
2.559639922924299982e-01
2.660953398583791873e-01
3.409281574864388431e-01
5.276671839425224331e-01
6.827347390733696786e-01
6.486380820712216444e-01
5.493895980007414970e-01
5.135460087783800809e-01
4.837983212561813295e-01
4.539279735058421306e-01
4.299119041975711375e-01
4.148920604816567770e-01
4.377799999561255984e-01
5.465354129612737255e-01
7.591920051377140100e-01
9.196656236686662211e-01
9.244024120726039850e-01
8.496075519966026501e-01
7.652479713212664292e-01
6.192023464471856364e-01
4.726047181155875188e-01
3.278786962111753245e-01
2.610624774950516258e-01
2.394963382116991335e-01
2.382452068637015141e-01
2.522788879557444353e-01
3.340416282513033464e-01
5.343483288047354840e-01
6.904666167188545645e-01
6.660553008504326300e-01
5.630472405977768879e-01
5.242339514311699089e-01
4.912169048532938898e-01
4.583454778622435000e-01
4.345205823823176106e-01
4.208644458133474209e-01
4.455996662068917313e-01
5.587747572234630367e-01
7.813732897891716433e-01
9.491244623530025182e-01
9.583453029443880222e-01
8.889197679054404722e-01
8.072544013346987235e-01
6.587355952454185815e-01
5.070170058076447495e-01
3.529662664964343111e-01
2.899202761132713690e-01
2.659992332140911353e-01
2.703877315455388564e-01
2.899592929643285966e-01
3.706775439088878521e-01
5.701026172986296547e-01
7.220204384430867206e-01
6.972692836549075901e-01
5.891146680187843154e-01
5.444215476110666474e-01
5.075715383074523857e-01
4.719006238563783207e-01
4.450600917128485490e-01
4.311592442305784423e-01
4.508019813102722151e-01
5.610242144890861260e-01
7.758190223319640921e-01
9.374129501262103981e-01
9.400441318443317762e-01
8.633044079080038902e-01
7.751973817832665814e-01
6.236305932914798511e-01
4.701370772800690934e-01
3.080313446191858540e-01
2.464958847321679913e-01
2.259092346090421366e-01
2.223542848395890781e-01
2.325785101259017496e-01
3.074557446232929481e-01
4.978179499478128656e-01
6.432112488518632043e-01
6.149180789273098746e-01
5.218429547261779211e-01
4.879322585728996242e-01
4.675022823223740076e-01
4.426030422366285522e-01
4.233121944703147066e-01
4.155434609877303731e-01
4.450435534581728136e-01
5.599284994318616260e-01
7.765081420904562659e-01
9.389780403075514981e-01
9.445146928840424394e-01
8.700237744295732378e-01
7.869053654143480792e-01
6.416893615917229621e-01
4.956969306648206230e-01
3.469004687595795278e-01
2.839317960255059448e-01
2.625411693820484116e-01
2.636215226356279917e-01
2.759433524467045373e-01
3.531616091992633155e-01
5.494771904312406585e-01
6.998569587082130727e-01
6.655551312651803997e-01
5.682569967795598753e-01
5.333136844557184730e-01
5.057868629257692428e-01
4.745895890702623854e-01
4.538254278122315633e-01
4.415611876818696380e-01
4.650352233982793515e-01
5.705199323174285908e-01
7.849016639063651768e-01
9.452436007066862267e-01
9.465924480473186797e-01
8.738391505089661004e-01
7.917717722397948910e-01
6.474001696236115766e-01
5.023114809006081760e-01
3.540641604562547728e-01
2.913406317651638933e-01
2.699551190284213420e-01
2.700653795656389744e-01
2.822258533655989665e-01
3.588712820728893194e-01
5.531940100219819856e-01
6.949911710656210273e-01
6.680505745248004335e-01
5.599949554728638201e-01
5.201536184981945254e-01
4.862464034703020688e-01
4.539557129590521822e-01
4.296253811325582705e-01
4.142463249471560749e-01
4.372769116324314309e-01
5.468753452966125250e-01
7.674734779364291715e-01
9.301156377807361375e-01
9.367028562588769480e-01
8.672365976114291275e-01
7.883536960497520285e-01
6.464215050293943277e-01
5.028106478282049485e-01
3.556591927710705536e-01
2.939168350671630958e-01
2.739604544331303293e-01
2.757484588893507893e-01
2.889352827589566353e-01
3.671190480402172773e-01
5.568350883122863415e-01
7.136556956951867203e-01
6.750233691827104421e-01
5.619186720621255349e-01
5.171010125859983875e-01
4.797893611944959447e-01
4.447173965206199231e-01
4.176434987014124856e-01
4.041868963513512436e-01
4.275567831796601714e-01
5.382470706086286416e-01
7.555116005620688968e-01
9.162599364373936739e-01
9.216769794631972657e-01
8.496014216937375352e-01
7.675917024134493172e-01
6.259237237660679742e-01
4.830797941092966341e-01
3.370511106334352913e-01
2.767816059820210062e-01
2.577448270223927085e-01
2.599295365913522060e-01
2.739190215236384507e-01
3.524379082841593291e-01
5.424341860473664845e-01
6.992413875137503121e-01
6.674151088719126879e-01
5.552059228244999867e-01
5.111736600075036385e-01
4.747981069199928017e-01
4.401029970630062627e-01
4.136483786339418822e-01
3.976148555609319568e-01
4.227265892539744385e-01
5.328840111083201769e-01
7.490108383463220942e-01
9.089481482601772244e-01
9.144830724345911488e-01
8.397675137195743655e-01
7.581813932080608831e-01
6.131098914321431170e-01
4.682827160874584727e-01
3.256694472535902607e-01
2.615767243952294985e-01
2.385781513845701141e-01
2.401265222096404528e-01
2.564960731591655607e-01
3.417179959042223047e-01
5.505799178191800314e-01
7.033898728659480071e-01
6.846191713089386788e-01
5.807866138682801216e-01
5.452947087397282955e-01
5.133156971523080703e-01
4.804130810990213107e-01
4.572170868141360867e-01
4.431122188362232039e-01
4.685527634049841406e-01
5.841754876318878686e-01
8.101400494437636102e-01
9.726688785695289940e-01
9.853750434304786587e-01
9.119940811564598571e-01
8.275333650582958889e-01
6.798226676192186124e-01
5.265199300570611030e-01
3.715021764982190389e-01
3.071947351177291008e-01
2.840371230983723128e-01
2.824915892894684921e-01
2.977085286736767533e-01
3.806601509046552145e-01
5.830002975336532334e-01
7.479894095069918869e-01
7.166726114015735671e-01
6.207033954377548790e-01
5.849241839207146576e-01
5.514514510405481573e-01
5.222747307717070520e-01
5.002271824037406445e-01
4.874652787178583857e-01
5.131249254550882544e-01
6.209509422437716752e-01
8.286378746997079547e-01
9.929916581062752101e-01
1.000000000000000000e+00
9.220107799706025453e-01
8.361115050859764253e-01
6.879516343906539877e-01
5.320998606179929702e-01
3.680955433098853091e-01
3.015399628121899767e-01
2.759376989672420732e-01
2.702107983664119861e-01
2.803687539644985072e-01
3.549935720960024632e-01
5.476056753020585033e-01
6.895669035932356916e-01
6.556498685582501373e-01
5.537691934269389771e-01
5.177343130953939720e-01
4.858078687448492694e-01
4.590268820197468402e-01
4.385237174561914530e-01
4.273983925529491468e-01
4.546682819065065440e-01
5.615478578988200020e-01
7.749555954124267565e-01
9.346785084879287719e-01
9.429704603911310823e-01
8.702255639178394508e-01
7.887683586734867136e-01
6.431289426968552769e-01
5.003226281550730015e-01
3.524615372740291241e-01
2.906918506436405036e-01
2.698400260188286715e-01
2.693220082457575271e-01
2.829835157830282721e-01
3.594510403528008990e-01
5.474422583570106582e-01
7.037850226203318238e-01
6.670900855855871336e-01
5.694583403862725213e-01
5.344202875237739070e-01
5.018791033238585442e-01
4.734852479282810056e-01
4.519006807611565257e-01
4.424999308354442551e-01
4.706619776036398139e-01
5.825027267883242654e-01
7.932917881819623318e-01
9.506551189461163176e-01
9.529542909553244678e-01
8.780868514626662957e-01
7.929085115964222830e-01
6.461200353193449208e-01
4.989645533865204041e-01
3.493222508190919062e-01
2.869690911156457247e-01
2.633322160943904477e-01
2.611793127405327430e-01
2.757749693462313578e-01
3.585580920151071327e-01
5.460692541287766044e-01
6.793975229876995092e-01
6.391173863043959624e-01
5.402691056599718822e-01
4.979505509262019958e-01
4.613678596166917445e-01
4.252230388164723318e-01
3.980533070001415208e-01
3.821635012695584477e-01
3.974363063401605833e-01
4.829003684019286258e-01
6.672834649176339061e-01
8.293471828683749436e-01
8.956653884405757493e-01
8.536182727701722150e-01
7.694040875043597350e-01
6.234666671848848596e-01
4.830018966483283771e-01
3.350701639420891609e-01
2.729330090862712166e-01
2.484598274763728243e-01
2.486988099943247543e-01
2.634325540739807514e-01
3.459798106585598165e-01
5.241768843980367798e-01
6.675659919251852870e-01
6.184914155801572999e-01
5.213356084995655060e-01
4.800706053234085613e-01
4.439621121018986760e-01
4.077327391977477733e-01
3.860530709524401249e-01
3.756948118158051075e-01
3.956846385563842494e-01
4.806161015878451237e-01
6.550787640255663069e-01
8.163371833905540553e-01
8.801693450000619423e-01
8.405536303654790320e-01
7.573478638086000858e-01
6.119751954557055562e-01
4.728799139089001624e-01
3.266536786843310392e-01
2.685127098285140512e-01
2.501822300583504410e-01
2.524279140014395462e-01
2.684706429981346676e-01
3.518856476955009027e-01
5.393815876651946173e-01
6.736982280514077770e-01
6.374811773147366356e-01
5.479434329905659151e-01
5.098970450661020060e-01
4.762502591290803666e-01
4.430686254769457544e-01
4.167897123976651574e-01
4.032095936868601571e-01
4.230104860020745816e-01
5.090296115243991837e-01
6.909979196343732921e-01
8.512335046422059293e-01
9.154767353020416554e-01
8.717465397539247984e-01
7.855481892819473622e-01
6.354266030056973102e-01
4.961991932490789070e-01
3.490148378022125408e-01
2.777608046437985423e-01
2.511603529939288593e-01
2.458929052828922601e-01
2.565542291154903065e-01
3.388111503282232873e-01
5.303075068732623354e-01
6.681223817468582293e-01
6.384186838234556793e-01
5.553972381183803764e-01
5.202601507072855958e-01
4.895780246164599392e-01
4.559960858919563931e-01
4.290890364161688009e-01
4.166058773779864888e-01
4.336993911377917121e-01
5.241835097967861845e-01
7.102517420878042831e-01
8.803637977611737941e-01
9.520536828696896103e-01
9.143414237261443533e-01
8.241719291476220510e-01
6.691245120790888512e-01
5.164075542118973239e-01
3.583263199404161936e-01
2.945443530845673896e-01
2.723330110127203385e-01
2.716310033431088011e-01
2.869280049015640044e-01
3.729497522068146997e-01
5.641863025972573276e-01
7.167904327015602872e-01
6.781367101489919058e-01
5.942520886943586378e-01
5.573347658414862238e-01
5.243027300763831722e-01
4.954395051803780481e-01
4.734806123030576575e-01
4.567371446236153099e-01
4.729217330599549962e-01
5.595405467604196437e-01
7.427202710014941811e-01
9.049625552681970220e-01
9.691239592781778489e-01
9.249403797114778003e-01
8.327369422251945652e-01
6.809826388425848087e-01
5.284453501088971494e-01
3.634716943800843092e-01
3.020507142791629684e-01
2.771588128938865525e-01
2.744370697027575523e-01
2.853846989648880506e-01
3.639105907811360230e-01
5.419379253382258232e-01
6.879800055209434051e-01
6.452999511223644902e-01
5.585477890596074468e-01
5.291582275297391780e-01
4.974998797232074721e-01
4.651453899866568320e-01
4.355348266045928618e-01
4.176708584873402019e-01
